    0.0007246675
   -0.0004425599
   -0.0016332405
   -0.0024920489
   -0.0031621553
   -0.0026592293
   -0.0021665384
   -0.0002026016
   -0.0015498316
   -0.0009070115
   -0.0018794870
   -0.0036509586
   -0.0025588366
    0.0002052809
   -0.0023335854
   -0.0012961130
    0.0012500581
   -0.0025162261
    0.0012123537
   -0.0002855726
   -0.0014666916
   -0.0014396934
    0.0012115834
   -0.0002752832
   -0.0024825843
   -0.0030884794
    0.0005862677
   -0.0036187143
   -0.0007902883
   -0.0014040157
   -0.0009651825
   -0.0029735151
   -0.0031620028
   -0.0026612270
   -0.0021674470
   -0.0001999318
    0.0007183914
   -0.0004276237
   -0.0016205638
   -0.0024887890
    0.0015078627
    0.0017105554
    0.0018520097
    0.0048537489
    0.0050729673
    0.0012265989
    0.0019202826
    0.0047506786
    0.0007201352
    0.0029904422
    0.0039063167
    0.0014318811
   -0.0005981346
    0.0044399700
    0.0054375631
    0.0024039237
    0.0006106755
    0.0030091265
    0.0055268042
    0.0046372754
    0.0041169092
    0.0028247552
    0.0023413527
    0.0037343249
   -0.0001348934
    0.0039767633
    0.0035003216
    0.0034720464
    0.0054749846
    0.0035849891
    0.0020512220
    0.0004323077
    0.0028510448
    0.0022668840
    0.0055639596
    0.0042891805
    0.0009673649
    0.0040309277
    0.0028668212
    0.0005703014
   -0.0006541165
    0.0022836907
    0.0029889641
    0.0043003818
    0.0045411692
    0.0035167734
    0.0055219957
    0.0005165353
    0.0006861870
    0.0000429028
   -0.0006545172
   -0.0013506645
   -0.0019424950
   -0.0020985054
   -0.0018367253
   -0.0012252809
    0.0000390037
   -0.0005891302
   -0.0015937285
   -0.0018805157
   -0.0023773036
   -0.0028814444
   -0.0027054371
   -0.0012237175
   -0.0002961255
    0.0000247299
   -0.0001960889
   -0.0023122839
   -0.0024581399
    0.0012633012
   -0.0013181243
   -0.0018667841
   -0.0017947904
   -0.0004808817
    0.0010228810
    0.0004126208
   -0.0004067307
   -0.0008329078
   -0.0008152543
    0.0004152214
   -0.0003980026
   -0.0017732618
   -0.0004527011
    0.0010462606
   -0.0021351337
   -0.0004227038
    0.0011839658
   -0.0026628886
   -0.0015008763
    0.0003904315
    0.0002710310
    0.0000546497
   -0.0014396815
   -0.0029107050
   -0.0021235864
    0.0001070916
   -0.0004515682
    0.0004082845
   -0.0012285089
   -0.0017602347
   -0.0020760657
   -0.0026710739
   -0.0019446483
   -0.0021020580
   -0.0018406964
   -0.0012279760
    0.0000377521
    0.0005073739
    0.0006915545
    0.0000542425
   -0.0006470420
   -0.0013494097
    0.0020284002
    0.0023873303
    0.0009602323
    0.0026639582
    0.0035761668
    0.0021967699
    0.0025462095
    0.0010191005
    0.0010338085
   -0.0004102941
    0.0023885130
    0.0033521057
    0.0023491849
    0.0004079492
    0.0028941534
    0.0028798134
    0.0012572436
    0.0034373016
    0.0031126453
    0.0027493476
    0.0018736780
    0.0016335499
    0.0025228827
    0.0007455744
    0.0000517146
    0.0021037626
    0.0017358056
    0.0026562895
    0.0035725669
    0.0021991668
    0.0020229905
    0.0023857627
    0.0009639247
    0.0010484906
    0.0004321597
    0.0029140323
    0.0028971606
   -0.0003910198
    0.0024035927
    0.0033649934
    0.0023621127
    0.0010263974
    0.0010406108
    0.0007533929
    0.0000591622
    0.0015625552
    0.0020452933
    0.0028906997
    0.0030486492
    0.0023241994
    0.0034331397
    0.0007350090
    0.0006270951
    0.0008216977
    0.0004522383
   -0.0000666549
   -0.0006334261
   -0.0011019693
   -0.0012613444
   -0.0011033586
   -0.0006384707
    0.0001199111
   -0.0000120486
   -0.0007754765
   -0.0012157160
   -0.0015460322
   -0.0018974041
   -0.0020747985
   -0.0018313167
   -0.0011443363
   -0.0006882268
   -0.0005911726
    0.0001464302
   -0.0001340480
   -0.0005550071
   -0.0004587756
   -0.0008449318
   -0.0016784532
   -0.0021188488
   -0.0016356089
   -0.0000368318
    0.0003035721
    0.0003216288
    0.0009244801
   -0.0005675953
   -0.0017284015
   -0.0012024785
    0.0005961175
    0.0011275000
    0.0002911807
   -0.0013282567
   -0.0008216111
    0.0007788263
    0.0010331412
    0.0000808658
   -0.0010732462
   -0.0004992286
    0.0003183671
   -0.0001713810
   -0.0003013742
   -0.0002891020
   -0.0001639643
   -0.0010574946
   -0.0004791846
    0.0003349438
    0.0010304142
    0.0000879093
   -0.0013129571
   -0.0008005536
    0.0007909173
    0.0011201856
    0.0002979806
   -0.0017149284
   -0.0011845073
    0.0006070830
    0.0003115404
    0.0009183891
   -0.0005606817
   -0.0021086760
   -0.0016229292
   -0.0000260186
    0.0003128166
   -0.0001418691
   -0.0005576188
   -0.0004584800
   -0.0008420718
   -0.0016721857
   -0.0020698415
   -0.0018259088
   -0.0011401090
   -0.0006849809
   -0.0005871797
    0.0001512718
   -0.0000178500
   -0.0007743947
   -0.0012122251
   -0.0015422688
   -0.0018933462
   -0.0011043837
   -0.0012650813
   -0.0011074468
   -0.0006419320
    0.0001170318
    0.0006207589
    0.0008243148
    0.0004589667
   -0.0000620881
   -0.0006330390
    0.0007252261
    0.0015206739
    0.0010141444
    0.0023354875
    0.0020227921
    0.0015334121
    0.0010304487
    0.0006070605
    0.0002218890
    0.0018504823
    0.0021713499
    0.0008332043
    0.0020788963
    0.0016946649
    0.0022836159
    0.0020353740
    0.0019246523
    0.0013901077
    0.0008853773
    0.0010319888
    0.0016377017
    0.0015312247
    0.0010332756
    0.0019574800
    0.0023674561
    0.0013144239
    0.0013491675
    0.0014171992
    0.0003309032
    0.0016687774
    0.0020996489
    0.0011919192
    0.0021954561
    0.0018649314
    0.0008790459
    0.0010245725
    0.0016323626
    0.0020336207
    0.0019262887
    0.0013887540
    0.0022800000
    0.0005461188
    0.0005996241
    0.0010790717
    0.0006418011
    0.0007861660
    0.0005527210
    0.0001706669
   -0.0002573522
   -0.0005993819
   -0.0007151596
   -0.0005984421
   -0.0002630042
    0.0002152766
    0.0001484354
   -0.0003112610
   -0.0006682580
   -0.0009671376
   -0.0012506333
   -0.0014101504
   -0.0013115624
   -0.0009722554
   -0.0006737743
   -0.0004443311
    0.0001133186
    0.0001419417
   -0.0004427152
   -0.0006484450
   -0.0008437482
   -0.0012165577
   -0.0015567379
   -0.0015773808
   -0.0011054169
   -0.0002700200
    0.0002712091
    0.0001864709
    0.0001540520
    0.0001759231
    0.0001357635
    0.0003620457
    0.0001897302
   -0.0005189096
   -0.0012272308
   -0.0014308082
   -0.0009021053
    0.0002905178
    0.0007614793
    0.0006812417
    0.0004795913
   -0.0007419133
   -0.0011281564
   -0.0004103885
    0.0012604413
    0.0006942243
    0.0001456307
   -0.0008107273
   -0.0005934957
    0.0003988061
    0.0009173555
    0.0005578213
    0.0008150131
    0.0000169041
   -0.0005949075
   -0.0002986042
    0.0002168869
    0.0000286058
    0.0000157716
    0.0000248355
    0.0000349361
   -0.0005830372
   -0.0002840983
    0.0002286694
    0.0005574052
    0.0008163333
    0.0000231224
   -0.0007986654
   -0.0005772186
    0.0004152591
    0.0009309851
    0.0006897069
    0.0001516168
   -0.0010584132
   -0.0008880187
    0.0002927955
    0.0007113992
    0.0003850424
    0.0010773515
   -0.0001868195
   -0.0014019130
   -0.0012525647
   -0.0003490458
    0.0011574793
    0.0004489940
    0.0000755716
    0.0002573198
    0.0003548972
   -0.0001205953
   -0.0009066338
   -0.0016141367
   -0.0013990493
   -0.0006937517
    0.0000888876
    0.0002869697
    0.0001099036
   -0.0002222856
   -0.0005719287
   -0.0007244756
   -0.0010114399
   -0.0014063713
   -0.0014073698
   -0.0013087953
   -0.0009700997
   -0.0006721290
   -0.0004425264
    0.0001153467
    0.0001443826
   -0.0003103334
   -0.0006654953
   -0.0009642879
   -0.0012479661
   -0.0006014126
   -0.0007183027
   -0.0006019681
   -0.0002663100
    0.0002120305
    0.0006367050
    0.0007867427
    0.0005562714
    0.0001732428
   -0.0002573540
    0.0005397477
    0.0005929872
    0.0010738187
    0.0013946199
    0.0013312940
    0.0016148830
    0.0013689429
    0.0010499025
    0.0015672401
    0.0015807517
    0.0012263265
    0.0015990452
    0.0015302236
    0.0014408911
    0.0010498515
    0.0016225861
    0.0013914332
    0.0013309369
    0.0015795521
    0.0015918884
    0.0010585931
    0.0015279273
    0.0014411318
    0.0010484594
    0.0015958812
