    0.0059049721
    0.0033135053
    0.0044646244
    0.0063569525
    0.0006715823
    0.0013722728
    0.0011375071
    0.0011475706
    0.0006987789
    0.0005664142
    0.0009793672
    0.0013974138
    0.0033364574
    0.0021786449
    0.0077509996
    0.0069073393
    0.0073214660
    0.0079900239
    0.0069783140
    0.0040011455
    0.0076126416
    0.0067254667
    0.0076937094
   -0.0014494303
    0.0025580317
    0.0035678288
   -0.0142267140
   -0.0116037244
   -0.0007501681
   -0.0013925366
   -0.0204855561
   -0.0092736625
   -0.0137809196
    0.0015133301
   -0.0086773912
    0.0082575345
    0.0037834348
   -0.0015799009
   -0.0142769504
    0.0073620658
   -0.0145956111
   -0.0196319520
   -0.0272513137
   -0.0283757407
   -0.0355320475
   -0.0324535882
   -0.0296758167
   -0.0307214231
   -0.0270091423
   -0.0239944013
   -0.0360508105
   -0.0362638972
   -0.0268493634
   -0.0252758608
    0.0115637689
    0.0102973515
    0.0125611147
    0.0092591924
    0.0075651364
    0.0093268083
    0.0072029844
    0.0051367427
   -0.0104475885
    0.0017597180
    0.0041887877
    0.0022251919
   -0.0031002558
    0.0046058878
    0.0037995370
    0.0031055858
    0.0074362185
    0.0052498217
    0.0099380832
    0.0109820141
    0.0111185059
    0.0053659511
    0.0103471225
    0.0114428821
    0.0045541222
    0.0082296751
    0.0083200704
    0.0069586385
    0.0088446649
    0.0061657920
    0.0034072635
    0.0057223482
    0.0022667027
   -0.0047475038
    0.0091418603
    0.0090928914
    0.0102922158
    0.0086145599
    0.0052278841
    0.0115231401
    0.0030655960
    0.0093150443
    0.0108489587
    0.0064318964
    0.0100607963
    0.0146090510
    0.0053438132
    0.0050581951
   -0.0022746196
    0.0083304133
    0.0032984230
   -0.0066612896
    0.0061559000
    0.0082089479
    0.0040588681
    0.0107981025
    0.0103791088
    0.0093912660
    0.0105211859
    0.0078555038
    0.0048540054
    0.0093214897
    0.0056670552
    0.0034592607
    0.0040453157
    0.0053047553
    0.0033924926
    0.0028023200
    0.0019783596
    0.0021585918
    0.0046163465
    0.0073701357
   -0.0033959011
   -0.0004471481
    0.0003379323
    0.0003901252
    0.0008715886
    0.0032228504
    0.0005481694
    0.0014406898
    0.0012751836
    0.0014859040
    0.0038721134
    0.0052273552
    0.0011335823
    0.0024305877
    0.0007302359
    0.0061387033
    0.0055038133
    0.0057613632
    0.0062235652
    0.0060622703
    0.0040853069
    0.0040789090
    0.0053813104
    0.0052820490
    0.0055829682
    0.0074369780
    0.0066762438
    0.0013813491
    0.0004540471
    0.0033737760
    0.0036388454
    0.0044666279
   -0.0019198107
   -0.0054508618
   -0.0052923014
   -0.0019471161
    0.0012842041
    0.0004701039
   -0.0125087851
   -0.0038952739
   -0.0051136305
   -0.0041608856
   -0.0135022232
   -0.0136933675
   -0.0159955727
   -0.0008224368
    0.0071920094
    0.0036686014
    0.0008702850
   -0.0035153837
   -0.0122734985
    0.0058950329
    0.0039935608
    0.0002744109
   -0.0068283451
    0.0060871086
   -0.0104108281
   -0.0096554463
   -0.0117451982
   -0.0229729869
   -0.0233869436
   -0.0182915334
   -0.0142392851
   -0.0212046135
   -0.0275984047
   -0.0272033875
   -0.0258716503
   -0.0254350896
   -0.0208535219
   -0.0184114798
   -0.0271798502
   -0.0273157934
   -0.0200555961
   -0.0194490329
    0.0091982047
    0.0100392393
    0.0076344481
    0.0079085643
    0.0063418161
    0.0048108016
    0.0000572025
   -0.0163476336
   -0.0035815679
    0.0018673391
    0.0026802634
   -0.0038451099
    0.0019596231
    0.0022572103
    0.0010946720
    0.0070540749
    0.0078822107
    0.0062810678
    0.0085390597
    0.0090010552
    0.0043512718
    0.0073425618
    0.0082152584
    0.0039056925
    0.0060900657
    0.0058656143
    0.0031055636
    0.0049665145
    0.0041829714
   -0.0036666795
    0.0002567250
   -0.0002743033
    0.0071452592
    0.0069363347
    0.0078890592
    0.0071914816
    0.0051004067
    0.0086219642
    0.0058530489
    0.0019557212
    0.0073016841
    0.0083658768
    0.0064844441
    0.0087723708
    0.0117300005
    0.0034807929
    0.0058922059
    0.0038642867
   -0.0011265474
    0.0061972500
    0.0009724583
   -0.0065154803
    0.0037458387
    0.0051453978
    0.0015264329
    0.0088730189
    0.0086089431
    0.0082650037
    0.0067949105
    0.0053107292
    0.0076569561
    0.0076361991
    0.0047235342
    0.0020906113
    0.0071600778
    0.0056526684
    0.0054062851
    0.0049263299
    0.0037400981
    0.0039687182
    0.0049029984
    0.0056065826
    0.0042283887
    0.0033477116
    0.0025877814
    0.0026485712
    0.0038061377
    0.0050823079
    0.0056214636
    0.0002392018
    0.0009242923
    0.0010995861
    0.0011239011
    0.0015733822
    0.0031579727
   -0.0023410147
    0.0000043329
    0.0004934538
    0.0005530383
    0.0011682197
    0.0031373047
   -0.0092920984
    0.0011912416
    0.0007589519
    0.0016089014
    0.0038709582
    0.0059907005
    0.0010693485
    0.0013206169
    0.0026791044
    0.0037840356
    0.0009008428
    0.0017707922
   -0.0000407982
    0.0051775274
    0.0056822599
    0.0046274200
    0.0048214215
    0.0052549017
    0.0053977755
    0.0059570309
    0.0036939677
    0.0035889137
    0.0042735678
    0.0044250662
    0.0047517525
    0.0060134959
    0.0067790528
    0.0062877936
    0.0059433839
    0.0012435754
    0.0020158026
    0.0038301976
    0.0045509825
    0.0038083072
    0.0034783587
    0.0049393051
    0.0017345464
   -0.0013178438
   -0.0023761089
   -0.0013532155
    0.0015334509
    0.0027825434
    0.0015163996
    0.0023450930
   -0.0087577415
   -0.0084081629
   -0.0057467899
    0.0001839758
   -0.0014891871
   -0.0013181158
    0.0002142106
   -0.0161381523
   -0.0105441158
   -0.0057849035
   -0.0053755429
   -0.0067116374
   -0.0069470671
   -0.0151613172
    0.0017002928
    0.0062264296
    0.0038311777
    0.0018698775
   -0.0011757326
   -0.0061904377
    0.0052542331
    0.0030088151
    0.0006297394
   -0.0029873693
   -0.0093682969
    0.0048719115
    0.0035287122
    0.0006925289
   -0.0044429816
   -0.0132126104
    0.0049779746
   -0.0087083825
   -0.0083689377
   -0.0094633640
   -0.0017378340
   -0.0128236227
   -0.0155183432
   -0.0177812905
   -0.0202600593
   -0.0188673293
   -0.0162026290
   -0.0150086630
   -0.0208286755
   -0.0223262805
   -0.0218020285
   -0.0211643535
   -0.0193489731
   -0.0209461472
   -0.0209870294
   -0.0154263491
    0.0077466596
    0.0075420464
    0.0060847472
    0.0058785939
    0.0048096748
   -0.0096241924
   -0.0016042174
    0.0012925336
    0.0015574209
   -0.0019934673
    0.0013174915
    0.0059085543
    0.0065842405
    0.0053540418
    0.0068989852
    0.0073153666
    0.0059510331
    0.0066413834
    0.0040279188
    0.0046726210
    0.0006010245
    0.0027654165
    0.0031016522
   -0.0021762049
   -0.0010965375
    0.0057630786
    0.0065296048
    0.0058495659
    0.0040964837
    0.0073076915
    0.0065541003
    0.0058386451
    0.0077888896
    0.0031739337
    0.0051085004
    0.0027501647
   -0.0011570526
    0.0047658887
    0.0005230462
   -0.0056358864
    0.0035172460
    0.0000914122
    0.0069727398
    0.0068800103
    0.0054893938
    0.0042640546
    0.0062843280
    0.0061817825
    0.0051074947
    0.0050725182
    0.0045675243
    0.0037902533
    0.0039100480
    0.0045941662
    0.0044979896
    0.0036301709
    0.0029521548
    0.0028409837
    0.0034143184
    0.0041879524
    0.0047894303
    0.0019240007
    0.0018797603
    0.0017657186
    0.0017055109
    0.0020335585
    0.0030302491
    0.0044565518
    0.0053813478
    0.0054733043
   -0.0007221481
    0.0002954495
    0.0006663896
    0.0008420556
    0.0012077276
    0.0021137648
    0.0037373167
    0.0060317426
   -0.0051980494
   -0.0012110523
    0.0002745928
    0.0005798085
    0.0007206903
    0.0013462611
    0.0027900752
    0.0056499170
   -0.0081742081
    0.0009122100
    0.0008092561
    0.0014018455
    0.0027376616
    0.0039463579
    0.0043766301
   -0.0051951520
    0.0008133390
    0.0011592616
    0.0020481143
    0.0028266289
   -0.0024851235
    0.0001097453
    0.0006290938
    0.0012015916
   -0.0005164046
    0.0044847634
    0.0046197369
    0.0039923455
    0.0041530699
    0.0045670132
    0.0048102400
    0.0050049032
    0.0033200317
    0.0032040082
    0.0035995081
    0.0038052051
    0.0041320178
    0.0049297319
    0.0055390438
    0.0054608153
    0.0053014359
    0.0056306317
    0.0026314696
    0.0016761744
    0.0020018495
    0.0029678245
    0.0034722066
    0.0032918944
    0.0032975647
    0.0042273934
    0.0071202759
    0.0064260197
    0.0029729515
    0.0006831698
   -0.0005694234
   -0.0005205048
    0.0007293373
    0.0024905656
    0.0034195626
    0.0029520666
    0.0021417133
    0.0021206795
    0.0033009517
   -0.0030584163
   -0.0043875778
   -0.0041783954
   -0.0027521953
   -0.0004701852
    0.0016329550
    0.0004387611
    0.0000098881
    0.0006244181
    0.0020235649
   -0.0102666257
   -0.0082604079
   -0.0052716549
   -0.0023050221
   -0.0014043391
   -0.0025547003
   -0.0030480445
   -0.0026116738
   -0.0119013560
   -0.0083777113
   -0.0068482480
   -0.0071179528
   -0.0077533826
   -0.0077570929
    0.0061418726
    0.0025354393
    0.0053994626
    0.0038434376
    0.0024969629
    0.0004338275
   -0.0025134535
    0.0047502508
    0.0030047871
    0.0014405661
   -0.0006938738
   -0.0038701900
   -0.0087752981
    0.0043144857
    0.0026380340
    0.0006963092
   -0.0022206972
   -0.0068594947
    0.0040716545
    0.0027099011
    0.0002794603
   -0.0039533388
   -0.0105341301
    0.0039196248
   -0.0073778808
   -0.0071698849
   -0.0077417718
    0.0004763359
   -0.0022920266
   -0.0137167727
   -0.0140474142
   -0.0135013580
   -0.0164977677
   -0.0168230890
   -0.0156737501
   -0.0146477102
   -0.0144157140
   -0.0139444343
   -0.0115260519
   -0.0164886052
   -0.0180550682
   -0.0179428013
   -0.0172777500
   -0.0154105422
   -0.0165041268
   -0.0164751491
    0.0065530882
    0.0056275314
   -0.0020660510
    0.0005436047
   -0.0024229553
    0.0003874181
    0.0056853617
    0.0045596975
    0.0056586306
    0.0060419527
    0.0021082347
    0.0028892690
   -0.0003316135
    0.0006788146
    0.0048946165
    0.0055528168
    0.0050534119
    0.0037924954
    0.0060722307
    0.0051419566
    0.0065442112
    0.0040493056
    0.0057833234
    0.0018411909
   -0.0014666602
   -0.0004061788
    0.0021495440
    0.0062567630
    0.0060375676
    0.0049783378
    0.0043107132
    0.0055566326
