    0.0024894569
    0.0010170959
    0.0014969270
   -0.0001253566
   -0.0005019908
    0.0034280036
    0.0045145231
   -0.0291447369
   -0.0108379022
   -0.0048840721
   -0.0029644492
   -0.0007380589
   -0.0016293459
   -0.0005678910
    0.0001091792
    0.0069877285
    0.0009355824
    0.0039037921
    0.0021054383
   -0.0025878610
    0.0000071886
   -0.0083803940
    0.0036590079
   -0.0060307836
    0.0070484467
    0.0071180598
   -0.0110319324
    0.0075669808
    0.0055797227
    0.0067874388
    0.0072711134
    0.0076519326
   -0.0095252265
    0.0057018270
    0.0053370361
    0.0036204340
   -0.0033926074
   -0.0206752700
   -0.0023902481
   -0.0071350310
    0.0007163464
   -0.0066795635
   -0.0138450924
    0.0082130169
    0.0055050325
    0.0056539640
    0.0091310016
    0.0071022924
    0.0078798093
   -0.0084658951
    0.0007286379
   -0.0201244162
   -0.0301909372
   -0.0248590509
   -0.0228190403
   -0.0350347692
   -0.0304495179
   -0.0186396500
   -0.0342231551
   -0.0341005498
   -0.0330533139
   -0.0294213615
   -0.0235535649
   -0.0224465964
   -0.0106782253
    0.0033257502
    0.0004909257
   -0.0024390213
    0.0028437499
    0.0027687150
    0.0021869447
   -0.0131089886
   -0.0030396873
   -0.0000167599
   -0.0133386947
   -0.0011148423
    0.0020380560
    0.0005717782
   -0.0042626207
    0.0031814135
    0.0027409020
    0.0024864261
    0.0056560225
    0.0046977802
    0.0092689646
    0.0097767943
    0.0049094945
    0.0096135516
    0.0102733014
    0.0037368814
    0.0072203888
    0.0034649042
    0.0086016525
    0.0069046821
   -0.0022566634
    0.0089569966
    0.0071744728
   -0.0014366276
    0.0045486413
    0.0085904410
    0.0084245653
    0.0084910954
    0.0091301797
    0.0048348080
    0.0004951773
    0.0066415507
    0.0098545206
    0.0074553939
    0.0047778326
    0.0083135428
    0.0026797343
    0.0038210758
    0.0091766753
    0.0095368648
    0.0084499706
    0.0093150853
    0.0074259444
    0.0079118859
    0.0083914787
    0.0085692380
    0.0094025672
    0.0046016312
    0.0023217838
    0.0067891962
    0.0093353134
    0.0073683509
    0.0054471354
    0.0083405298
    0.0055668476
    0.0087070090
    0.0090234309
    0.0083131413
    0.0089615824
    0.0065688484
    0.0011251527
    0.0007300794
    0.0012086785
   -0.0005138081
    0.0002098948
    0.0019061719
    0.0030644996
   -0.0218783298
   -0.0094509034
   -0.0044270900
   -0.0026777072
   -0.0016765914
    0.0004260496
    0.0061444505
   -0.0121649631
   -0.0058988378
   -0.0033908173
   -0.0022447996
   -0.0006488662
   -0.0009863482
    0.0007972076
    0.0073017594
    0.0002133431
    0.0009396726
    0.0032782673
    0.0051664540
    0.0009361554
    0.0031280442
    0.0010569244
   -0.0030681968
   -0.0008060934
   -0.0075568130
    0.0039120282
    0.0014139183
   -0.0008702247
   -0.0076477967
    0.0061224053
    0.0045563092
    0.0046018186
   -0.0113586160
    0.0047929553
    0.0053685076
    0.0056721448
    0.0055809132
    0.0056129758
   -0.0083939948
    0.0054513970
    0.0057947468
    0.0057465333
    0.0052639915
    0.0051800181
   -0.0087737419
    0.0056258579
    0.0052407928
    0.0030481743
    0.0007335591
   -0.0041345327
   -0.0125991847
    0.0028469629
   -0.0021132774
   -0.0049782161
   -0.0003687614
   -0.0052677666
   -0.0098964478
    0.0066516151
    0.0051196845
    0.0047452588
    0.0071351306
    0.0058359345
    0.0054972823
    0.0051507930
    0.0066373560
    0.0061848551
   -0.0056801259
   -0.0001578412
   -0.0142378011
   -0.0217808668
   -0.0177296726
   -0.0188996540
   -0.0262784275
   -0.0225985826
   -0.0277989780
   -0.0214911330
   -0.0272314900
   -0.0238931125
   -0.0209192087
   -0.0152754248
    0.0012617532
   -0.0005564738
   -0.0030051185
    0.0008326791
    0.0015007976
   -0.0146695569
   -0.0060411313
   -0.0014080665
   -0.0000579211
   -0.0107262475
   -0.0036772060
   -0.0013543489
   -0.0176749533
   -0.0056726250
   -0.0001450272
    0.0010766168
   -0.0043602018
    0.0009132368
    0.0014903539
    0.0007941700
    0.0033695122
    0.0061027987
    0.0066795555
    0.0057199663
    0.0077749898
    0.0080728060
    0.0037668841
    0.0066359491
    0.0074198941
    0.0051067934
    0.0043503578
   -0.0001085307
    0.0066473673
    0.0055463738
    0.0012893394
    0.0048970077
    0.0007815666
    0.0071077388
    0.0067356029
    0.0072663834
    0.0066351903
    0.0034387960
    0.0045231972
    0.0072507679
    0.0051093005
    0.0026807135
    0.0056117693
    0.0063361471
    0.0074387654
    0.0066314087
    0.0076325666
    0.0065364078
    0.0066945733
    0.0068022019
    0.0064716838
    0.0069275860
    0.0070306191
    0.0030889617
    0.0048930785
    0.0068712008
    0.0051475677
    0.0034196205
    0.0056984197
    0.0061014920
    0.0071865160
    0.0079992582
    0.0061474989
    0.0069540576
    0.0062866111
    0.0066851727
    0.0066123295
    0.0004766460
   -0.0027514716
    0.0005307041
    0.0010013720
   -0.0117192919
   -0.0002547843
    0.0003014803
    0.0014049209
    0.0024024501
   -0.0113411436
   -0.0053399321
   -0.0027364949
   -0.0017269601
   -0.0009254992
    0.0005532172
    0.0026817170
    0.0040075139
    0.0043620642
   -0.0155171042
   -0.0081012440
   -0.0045197894
   -0.0027729847
   -0.0016175250
   -0.0000729820
    0.0026757767
    0.0060904090
   -0.0156470913
   -0.0073373813
   -0.0035383798
   -0.0021074927
   -0.0013229629
    0.0000777657
    0.0028874868
    0.0064800186
   -0.0004059184
   -0.0003603516
    0.0010181760
    0.0034151775
    0.0049962680
    0.0054983125
    0.0002944472
    0.0009461292
    0.0025212388
    0.0041983247
    0.0009251678
    0.0025882076
    0.0005968959
   -0.0028629564
   -0.0011165306
   -0.0063551215
   -0.0110921748
    0.0020969521
    0.0026976752
    0.0005820900
   -0.0019450495
   -0.0073039677
    0.0051784739
    0.0036757977
    0.0027895887
    0.0023180352
   -0.0058349997
    0.0048742792
    0.0051100538
    0.0049785591
    0.0045416163
    0.0041728924
    0.0044187655
    0.0042762939
    0.0044994074
    0.0046903564
    0.0046420372
    0.0044456133
    0.0046331490
   -0.0135008949
    0.0052702033
    0.0052613146
    0.0049237869
    0.0042987831
    0.0036228180
    0.0029746039
    0.0010381994
   -0.0039034170
   -0.0120142863
    0.0056008758
    0.0041153976
    0.0022716641
    0.0000527685
   -0.0037159548
   -0.0091487454
    0.0020298994
   -0.0016753917
   -0.0034487271
    0.0017401715
   -0.0007060657
   -0.0040316043
   -0.0071841907
    0.0050179291
    0.0049110878
    0.0059029370
    0.0052283803
    0.0044875531
    0.0042397115
    0.0058299814
    0.0050153961
    0.0052482609
    0.0051433717
    0.0053785693
    0.0054573532
    0.0049226355
   -0.0038230953
   -0.0003795739
    0.0029467121
   -0.0103342580
   -0.0159840809
   -0.0183043194
   -0.0195698869
   -0.0206107831
   -0.0209487586
   -0.0201051107
   -0.0216270827
   -0.0193703481
   -0.0199350610
   -0.0176473029
    0.0001825287
   -0.0042539764
   -0.0022010504
    0.0002619574
   -0.0103518717
   -0.0043557273
   -0.0015105510
   -0.0110363847
   -0.0035997739
   -0.0004672173
   -0.0025802436
    0.0004798050
    0.0048699184
    0.0046970417
    0.0061732069
    0.0065794022
    0.0053554097
    0.0061135123
    0.0033733657
    0.0009332014
    0.0044022441
    0.0019291135
   -0.0037673494
    0.0039697027
    0.0016446865
    0.0058265777
    0.0055895180
    0.0060921049
    0.0054216867
    0.0035884034
    0.0041988464
    0.0057669038
    0.0037432073
    0.0045536903
    0.0049355096
    0.0059927974
    0.0054671798
    0.0063665438
    0.0056777985
    0.0057089627
    0.0057474535
    0.0041442844
    0.0054635353
    0.0038573857
    0.0046775719
    0.0047534973
    0.0058474300
    0.0064683666
    0.0056519938
   -0.0001091073
    0.0001275829
   -0.0025098232
    0.0003437834
    0.0007876883
   -0.0086960329
   -0.0004627649
   -0.0001852880
    0.0003596640
    0.0011805367
    0.0019554618
   -0.0090017867
   -0.0044920565
   -0.0022934951
   -0.0013358579
   -0.0006343626
    0.0004018594
    0.0017379137
    0.0027415453
    0.0033581215
   -0.0094983277
   -0.0053996986
   -0.0032202931
   -0.0019980223
   -0.0010238527
    0.0002470144
    0.0020580174
    0.0038263551
    0.0045809151
    0.0046578837
   -0.0106984117
   -0.0061576061
   -0.0036766684
   -0.0023283879
   -0.0014046697
   -0.0003477087
    0.0012611141
    0.0033979156
    0.0053698471
   -0.0091882332
   -0.0044244143
   -0.0022107758
   -0.0013299136
   -0.0006683535
    0.0004981715
    0.0023765552
    0.0051098076
    0.0051931239
   -0.0094424013
   -0.0003727809
   -0.0000996113
    0.0008722098
    0.0023900553
    0.0036187935
    0.0044557919
   -0.0052500337
    0.0001404239
    0.0002779247
    0.0009511218
    0.0021400258
    0.0034944579
   -0.0019434573
    0.0000443875
    0.0008443802
    0.0021423864
    0.0003616261
   -0.0024921507
    0.0012383304
   -0.0012156996
   -0.0052317847
   -0.0080620525
    0.0011039423
    0.0018751268
    0.0001030732
   -0.0022453063
   -0.0064305901
    0.0043729939
    0.0040663573
    0.0028364837
    0.0018475950
    0.0008380632
   -0.0013477256
   -0.0060400065
    0.0047201119
    0.0047087535
    0.0044241390
    0.0038649843
    0.0033121989
    0.0029846905
    0.0028071967
   -0.0018547515
   -0.0083508708
    0.0040555702
    0.0040922487
    0.0041308754
    0.0040347175
    0.0038214242
    0.0036199344
    0.0036332700
   -0.0071384300
    0.0041152465
    0.0041236004
    0.0041203506
    0.0039656694
    0.0036715224
    0.0033912971
    0.0031339402
    0.0020381530
   -0.0011974563
   -0.0068591898
    0.0048203634
    0.0046457306
    0.0042016374
    0.0035280385
    0.0027472569
    0.0017645045
   -0.0001457861
   -0.0038202625
   -0.0092553250
    0.0052101294
    0.0032826137
    0.0017670934
   -0.0001728195
   -0.0031008612
   -0.0066853300
   -0.0080772556
    0.0015105502
   -0.0012956105
   -0.0024105684
    0.0012542383
    0.0013794247
   -0.0007861114
    0.0012715695
   -0.0030971482
   -0.0053576125
    0.0020541370
    0.0039012069
    0.0038733545
    0.0046240926
    0.0046599192
    0.0047340532
    0.0048398036
    0.0046238760
    0.0041915194
    0.0040751575
    0.0050240918
    0.0044737292
    0.0042001289
    0.0040987245
    0.0048437440
    0.0044700894
    0.0047577885
    0.0048963208
    0.0044663442
    0.0047388308
    0.0038929863
   -0.0026136051
   -0.0003908012
    0.0021846394
    0.0015466062
   -0.0119686458
   -0.0142173515
   -0.0148040174
   -0.0146817271
   -0.0168637828
   -0.0142069552
   -0.0173091636
   -0.0136000950
   -0.0168782367
   -0.0156152117
   -0.0129474156
   -0.0003994350
   -0.0023610391
   -0.0003399349
   -0.0038366904
   -0.0034486651
   -0.0008147097
   -0.0026412964
   -0.0001765608
    0.0037981202
    0.0048880403
    0.0039569282
    0.0050805417
    0.0033439671
    0.0017848583
   -0.0017004273
    0.0020470937
   -0.0012912134
    0.0050295744
    0.0053196330
    0.0043141679
    0.0046014910
    0.0028811833
    0.0033625360
    0.0036619796
    0.0049048400
    0.0043652654
    0.0053085047
    0.0050144448
    0.0048754422
    0.0046681527
    0.0044195355
    0.0030374865
    0.0035140225
    0.0036583644
    0.0048518839
    0.0052052410
    0.0046398783
