   -0.0013526205    -0.0000490362     0.0028866858
    0.0021872253    -0.0014914256     0.0005364867
   -0.0000122082    -0.0009549446     0.0006452928
    0.0001308168    -0.0036044493    -0.0007952402
   -0.0011387789    -0.0000599056     0.0002032594
   -0.0015199478    -0.0007014237     0.0044272655
   -0.0003701113    -0.0004798215     0.0028134971
    0.0024662951     0.0142608588    -0.0051266871
   -0.0017870854     0.0044278779    -0.0018702269
   -0.0012091500     0.0008585007    -0.0008270506
   -0.0005641141     0.0003880311    -0.0003152124
   -0.0019151091    -0.0003329043     0.0003981224
   -0.0000228337    -0.0011677409     0.0015003730
   -0.0018382324    -0.0002908476    -0.0001628041
   -0.0012594775    -0.0001809353    -0.0001997360
    0.0008701258    -0.0011462192    -0.0031104728
    0.0003584724    -0.0008126669    -0.0001172172
   -0.0007631032    -0.0026557415    -0.0015074865
   -0.0001103131     0.0002068675    -0.0025012199
   -0.0047818632    -0.0050357568     0.0018521595
   -0.0027740782    -0.0018338325     0.0018112885
   -0.0007979080    -0.0063212504    -0.0004071177
   -0.0012275875     0.0002733184     0.0023568610
   -0.0002058030    -0.0079805579     0.0042593344
   -0.0002815966     0.0033783179     0.0009361574
   -0.0000369322     0.0038461235     0.0022919831
    0.0003660286    -0.0138569416     0.0024193199
    0.0038292683     0.0015212281    -0.0019353210
    0.0019312624     0.0004503717     0.0004619631
    0.0020021597     0.0020457085    -0.0002277586
    0.0003601284     0.0033312059    -0.0008525045
   -0.0004283099     0.0040467449    -0.0018247117
   -0.0000368443    -0.0122075676    -0.0006944434
    0.0023529420     0.0010591966     0.0003692318
   -0.0015696096     0.0011128963    -0.0022195532
   -0.0008885768    -0.0007219090    -0.0047594791
   -0.0007918631    -0.0054132397    -0.0023519641
    0.0042772504    -0.0093879204     0.0085467521
   -0.0026068071    -0.0032726043     0.0000555001
   -0.0046071734    -0.0061395170     0.0037110253
   -0.0048563156     0.0003059131     0.0028035228
   -0.0100295367    -0.0020487968    -0.0019766737
   -0.0089619407     0.0064660911    -0.0067853892
    0.0044089523    -0.0002696645    -0.0006929695
    0.0013831165     0.0014059377     0.0003554721
    0.0023365433     0.0012641358     0.0000267329
    0.0036593972     0.0003656293    -0.0018228693
    0.0028820627     0.0007464908    -0.0000622331
    0.0020398990    -0.0037697764    -0.0024516878
   -0.0086452508     0.0014271196     0.0049391299
   -0.0037174353     0.0009141126    -0.0021694058
   -0.0074458872    -0.0017866869    -0.0125158931
    0.0062088215    -0.0039905914    -0.0150438906
   -0.0042434536     0.0117819827    -0.0129418277
    0.0081004846    -0.0123182911    -0.0023529459
    0.0145934475     0.0019116377    -0.0088737032
    0.0026906700     0.0145633765    -0.0086028930
    0.0054829008    -0.0143900848     0.0012428237
    0.0166541515     0.0000309376     0.0004367591
    0.0093726845     0.0138283737     0.0002892202
    0.0139909277     0.0006645631     0.0097549266
    0.0031439528     0.0153485916     0.0090049295
    0.0032189174    -0.0063245024     0.0131284083
   -0.0040785277     0.0077160313     0.0131928635
   -0.0083598475    -0.0051085780     0.0075900678
   -0.0001755767     0.0010478778     0.0062678425
   -0.0014856760     0.0045876755     0.0029557262
   -0.0056036017     0.0065508953     0.0023398418
   -0.0047359709    -0.0019564355     0.0049270441
    0.0019016590    -0.0034917240     0.0031047454
    0.0026706680    -0.0003943761     0.0021538800
   -0.0057473096     0.0094969694    -0.0049083695
   -0.0066607498     0.0005490836    -0.0014535837
   -0.0027411177    -0.0040190229    -0.0008410780
   -0.0050376443     0.0113226881     0.0034705083
   -0.0074840481     0.0007162348     0.0003192281
   -0.0029796627    -0.0050223065    -0.0000281504
    0.0015892153    -0.0031273811     0.0005166218
   -0.0052954169     0.0076448869    -0.0016014212
   -0.0043841717    -0.0012682295    -0.0055557331
    0.0021136780    -0.0028126508    -0.0031233154
   -0.0003092468     0.0013507775    -0.0052967590
    0.0004022596     0.0001577427     0.0051832314
   -0.0020533731    -0.0050965277     0.0023740049
    0.0042637280    -0.0051443493     0.0034856948
    0.0059554679     0.0004808404     0.0032255721
   -0.0021266307    -0.0051947145    -0.0021554567
    0.0043873367    -0.0053180494    -0.0031799041
    0.0062506786     0.0003730926    -0.0027882934
   -0.0022750649    -0.0020210698    -0.0040377279
    0.0010631939    -0.0003016654    -0.0051847773
   -0.0018160086    -0.0005767708     0.0068785328
   -0.0030969164     0.0059375238     0.0035640528
   -0.0080427181     0.0005261736     0.0039298919
   -0.0045894128    -0.0090365159     0.0031624908
   -0.0032615498     0.0059151323    -0.0031965040
   -0.0079292416     0.0005563443    -0.0035825575
   -0.0047014846    -0.0084615692    -0.0022632610
   -0.0019914155    -0.0004308135    -0.0061208480
    0.0045181045     0.0036135254    -0.0006534870
    0.0005457391     0.0052586918    -0.0016028442
    0.0054411348     0.0004160608    -0.0003225021
    0.0002213806     0.0041356071    -0.0056775770
   -0.0046572864     0.0004991389    -0.0034232483
   -0.0054981242    -0.0045747670    -0.0019278150
   -0.0023745362    -0.0043759916    -0.0050534121
    0.0039815042    -0.0002531198    -0.0058371219
   -0.0021322673    -0.0010519303    -0.0068734608
   -0.0029781427    -0.0018864268     0.0062668612
   -0.0003985642     0.0036134483     0.0061329004
   -0.0043429090    -0.0004849490     0.0034306679
   -0.0051997245    -0.0042582123     0.0055407873
    0.0030638108    -0.0005109093     0.0063041580
    0.0050158884     0.0042638576     0.0013616813
    0.0000325785     0.0058079002     0.0017782221
    0.0057962322     0.0002932342     0.0008053759
    0.0034567863     0.0021080281    -0.0022563872
    0.0038497428     0.0034662777    -0.0002814180
    0.0033286349    -0.0034199647    -0.0020638603
    0.0054783838     0.0002265675    -0.0010382566
    0.0010017398     0.0028160642    -0.0052565790
   -0.0064069209    -0.0013726496    -0.0039380950
   -0.0058072176    -0.0013147758    -0.0030290877
   -0.0003801670    -0.0041470999    -0.0044651256
    0.0038858199    -0.0003706118    -0.0056300235
   -0.0019003122    -0.0007588588    -0.0065276640
   -0.0025216548    -0.0006443740     0.0060315724
   -0.0001267620     0.0028279379     0.0059210344
   -0.0004705409    -0.0034493936     0.0043350542
    0.0032912125    -0.0006918954     0.0059332489
    0.0045496170     0.0038874526     0.0010492444
    0.0032789479    -0.0030746261     0.0024759140
    0.0058820762    -0.0002149552     0.0014265300
    0.0024628538     0.0022914538    -0.0022758605
   -0.0013528361     0.0002024614     0.0013094707
    0.0008345723    -0.0006742656     0.0002930590
   -0.0002842829    -0.0005230042     0.0003118938
    0.0001373003    -0.0006565502    -0.0005480819
   -0.0010196054     0.0001032413     0.0000499077
   -0.0012056353    -0.0001620071     0.0011880353
   -0.0007126186    -0.0006930196     0.0011780881
    0.0023194556     0.0089903038    -0.0058431790
   -0.0016057491     0.0036727489    -0.0024927425
   -0.0014767836     0.0007098539    -0.0014822921
   -0.0004910327     0.0002025737    -0.0009031705
   -0.0005705831     0.0005366224    -0.0004170073
   -0.0016161214    -0.0003116905     0.0006074248
    0.0013071265     0.0002815563     0.0022208317
    0.0003862201     0.0050163750     0.0004855509
   -0.0007451629     0.0019692355     0.0009362678
   -0.0003674041     0.0008113439     0.0007153863
   -0.0003753619     0.0007737945     0.0002842435
   -0.0013133019     0.0002316204     0.0000855938
   -0.0001470855     0.0001101287     0.0006503189
   -0.0016709923    -0.0004374265    -0.0004581538
    0.0020589843     0.0002870832    -0.0019810171
    0.0005423298    -0.0006420640     0.0002549079
   -0.0012232827    -0.0001124271    -0.0001728053
   -0.0010279648    -0.0006354210    -0.0015581513
    0.0001077088    -0.0013711599    -0.0014883374
   -0.0001594214    -0.0004496941     0.0000409234
   -0.0008039083    -0.0016754169    -0.0008990979
   -0.0008869835     0.0000649963    -0.0010230878
   -0.0031658240    -0.0033850884     0.0000000589
   -0.0018122428    -0.0018973429     0.0007169424
   -0.0005790946    -0.0045180995    -0.0016665072
   -0.0018850192     0.0009265426     0.0017314882
   -0.0005559900    -0.0008682170     0.0014632582
   -0.0001819744    -0.0021682564     0.0023549725
    0.0010592555    -0.0053987444     0.0004388394
   -0.0001763088     0.0027726986     0.0006494874
   -0.0005907862     0.0011427134     0.0011847280
   -0.0003004894     0.0016386149     0.0023528451
    0.0025280124    -0.0080815711     0.0008368688
    0.0008134985     0.0000528172    -0.0005944164
    0.0011927562     0.0007162441    -0.0006176034
    0.0008264701     0.0015630132    -0.0002387070
    0.0000710110     0.0019368730     0.0001203721
   -0.0003164349     0.0022656363     0.0002006332
    0.0003708860    -0.0083365026     0.0005299381
    0.0017107371     0.0005618830     0.0005767086
    0.0014149507     0.0014227299     0.0000907326
    0.0004333867     0.0018270904    -0.0005632548
   -0.0004274350     0.0015386539    -0.0010261916
   -0.0006359949     0.0016527637    -0.0020010570
    0.0014391765    -0.0065668260     0.0003947179
    0.0016150472     0.0007279207     0.0006523538
   -0.0013025852     0.0016838370    -0.0014387420
   -0.0010274194    -0.0002810660    -0.0012352753
   -0.0005728697    -0.0015991605    -0.0014715925
   -0.0000147705    -0.0035301498     0.0001428702
    0.0017191922    -0.0049012283     0.0050484463
   -0.0027127332    -0.0003587738    -0.0014961253
   -0.0017984298    -0.0024372518     0.0006511981
   -0.0031088779    -0.0034278089     0.0027341944
   -0.0032696375     0.0004124678     0.0009069671
   -0.0060166171    -0.0014002481    -0.0020254347
   -0.0053295059     0.0035658929    -0.0048536313
    0.0016350638    -0.0001573758     0.0014959290
    0.0008670972     0.0006790968    -0.0005790240
    0.0005233723     0.0004822062    -0.0006545397
    0.0022345521     0.0004868570    -0.0000966926
    0.0014589636     0.0004396110    -0.0002398157
    0.0014865979     0.0010739325     0.0004274881
    0.0010314668     0.0008193588     0.0005719627
    0.0016540546    -0.0003859213    -0.0010941764
    0.0020828519     0.0002623695    -0.0001140484
   -0.0051445375     0.0004207549     0.0033935588
   -0.0027817533     0.0005663229    -0.0006110924
   -0.0050348805    -0.0011100851    -0.0082668755
    0.0027674254    -0.0023269595    -0.0108345687
   -0.0032557849     0.0070995094    -0.0091248564
    0.0059661491    -0.0075202156    -0.0039813926
    0.0088649344     0.0013873338    -0.0082810687
    0.0097634924    -0.0049547509    -0.0014933544
    0.0107972405     0.0049895466    -0.0028588385
    0.0091686456    -0.0053515531     0.0024528843
    0.0107616810     0.0048562467     0.0034233860
    0.0080202151     0.0003125044     0.0086187487
    0.0012743066     0.0096156480     0.0077765606
   -0.0031749484     0.0039087306     0.0089286426
   -0.0004907907     0.0008545525     0.0032120796
   -0.0015149711     0.0026261650     0.0013868092
   -0.0033119062     0.0039426869     0.0009373276
   -0.0026305777    -0.0005078431     0.0028680078
    0.0007522489    -0.0015879684     0.0018994714
   -0.0028777228     0.0078688479    -0.0061262039
   -0.0041529415     0.0034375852    -0.0014301449
   -0.0034937753    -0.0008405517     0.0000099668
   -0.0009132085    -0.0023522205     0.0000054255
   -0.0020095069     0.0057075819     0.0024522061
   -0.0029953873     0.0007924193     0.0018435732
   -0.0013023063    -0.0013480969     0.0015480182
   -0.0016510989     0.0105482510     0.0064653449
   -0.0040431147     0.0042880585     0.0006758597
   -0.0037929875    -0.0008717331    -0.0008638839
   -0.0007671105    -0.0027078372    -0.0006642278
   -0.0032618800     0.0046808960    -0.0001511286
   -0.0023794562     0.0000228369    -0.0030712821
    0.0008065463    -0.0011472699    -0.0017594781
   -0.0006967108     0.0010212372    -0.0025252914
   -0.0012224073    -0.0023404939     0.0021384228
    0.0016510291    -0.0021956292     0.0030341309
    0.0023206760     0.0000736682     0.0027916799
    0.0005716919    -0.0041623750     0.0001107660
    0.0037109700    -0.0027949814     0.0001423831
    0.0040988050     0.0001234022     0.0001887115
   -0.0012323301    -0.0025342280    -0.0019687132
    0.0018302323    -0.0024200457    -0.0028474316
    0.0027038163    -0.0000753560    -0.0025360322
   -0.0006736904     0.0022620648     0.0029641162
   -0.0031975696     0.0009707115     0.0035890277
   -0.0031517410    -0.0036618970     0.0031996736
   -0.0023504889     0.0039132362     0.0001589535
   -0.0051319860     0.0015114384     0.0001298023
   -0.0047970545    -0.0033946957     0.0002180266
   -0.0032310877     0.0010117124    -0.0032101682
   -0.0032033553    -0.0032689374    -0.0026166190
    0.0027034943     0.0020084658    -0.0013639416
    0.0005730883     0.0030355718    -0.0016174457
    0.0031125089     0.0003353835    -0.0011957928
   -0.0002656184     0.0018816077    -0.0036600386
   -0.0028357178    -0.0001955624    -0.0021100409
   -0.0020556312    -0.0025106873    -0.0029764049
    0.0015630599    -0.0002113223    -0.0038500039
   -0.0016428000    -0.0008447137    -0.0038444798
   -0.0023622847    -0.0015685986     0.0033425827
   -0.0007530316     0.0013906599     0.0038359149
    0.0007633299    -0.0004259173     0.0040737913
    0.0028066865     0.0021918907     0.0019920247
    0.0002943890     0.0032458243     0.0020281475
    0.0030727082     0.0004121628     0.0017144470
    0.0026640336     0.0013231617    -0.0007480653
    0.0015420560     0.0027568094    -0.0003157750
    0.0024248617     0.0017815371    -0.0010665878
    0.0017986174    -0.0019568347    -0.0017475515
    0.0030698497    -0.0000089254    -0.0014905590
    0.0002104611     0.0009524476    -0.0034771971
   -0.0040968714    -0.0012626178    -0.0021430198
   -0.0006791595    -0.0021489119    -0.0027779529
    0.0016161264    -0.0003543978    -0.0035888142
   -0.0015032452    -0.0006241443    -0.0036294040
   -0.0020480865    -0.0004291520     0.0032595436
   -0.0007086972     0.0009576380     0.0037325848
    0.0011215823    -0.0004961165     0.0037018223
    0.0026390161     0.0018653602     0.0017712560
    0.0018997694     0.0015720743     0.0023962735
    0.0015059079    -0.0018250245     0.0019835148
    0.0031098273    -0.0002507730     0.0018689182
    0.0022725362     0.0014414630    -0.0007277845
    0.0020352188     0.0015309361    -0.0009308700
    0.0027884418     0.0002290028    -0.0003203765
   -0.0012194774     0.0002271531     0.0006828017
   -0.0021287340     0.0022134743    -0.0002663224
    0.0001909330    -0.0003232491     0.0002771761
   -0.0003799395    -0.0002766683     0.0003153720
   -0.0021329645     0.0047684818    -0.0050339439
   -0.0000384495    -0.0004685215    -0.0002306293
   -0.0005800005    -0.0000086650    -0.0001017281
   -0.0007894044    -0.0001746553     0.0004229490
   -0.0005561767    -0.0005468203     0.0007104359
   -0.0004301329     0.0042576686    -0.0030707017
   -0.0016926771     0.0014894226    -0.0013971202
   -0.0010594670     0.0000417247    -0.0008440915
   -0.0003877855     0.0000197186    -0.0006033953
   -0.0005256719     0.0002883767    -0.0003291422
   -0.0010243076    -0.0001129217     0.0003555910
   -0.0006177701    -0.0008231950     0.0015379825
    0.0002427394    -0.0004291687     0.0019307425
    0.0003108103    -0.0002619849     0.0013325811
    0.0025975574     0.0052595500    -0.0016065221
    0.0001557121     0.0027617402    -0.0005968933
   -0.0002872409     0.0013468331    -0.0002300558
   -0.0002701174     0.0008182810    -0.0001280750
   -0.0004953833     0.0006350127    -0.0000772650
   -0.0010564260     0.0000183010     0.0001205993
   -0.0009050225    -0.0017962465     0.0007327339
    0.0017649721     0.0002772625     0.0009265504
    0.0024788903     0.0058923350     0.0014740527
   -0.0006644548     0.0027642211     0.0011951282
   -0.0009263884     0.0007361602     0.0010283033
   -0.0003403756     0.0002702680     0.0006946284
   -0.0003862925     0.0004682010     0.0003501031
   -0.0010387016    -0.0000097509     0.0000281317
   -0.0009060499    -0.0019214490    -0.0005496329
    0.0020115426     0.0003145917    -0.0005853245
   -0.0002093124    -0.0009214318     0.0003762975
   -0.0003161347     0.0000909360     0.0003789020
   -0.0010454451    -0.0002650079    -0.0002987755
   -0.0005078748    -0.0011588730    -0.0015743531
    0.0006299088    -0.0006890452    -0.0019702260
    0.0008759593    -0.0003373635    -0.0012292020
    0.0000948925    -0.0003554182     0.0000612716
   -0.0007264338    -0.0001370446     0.0000201113
   -0.0007244558    -0.0005208065    -0.0006511657
   -0.0000295848    -0.0011102172    -0.0010243118
   -0.0003686846    -0.0003089611    -0.0000727341
   -0.0007147199    -0.0010460153    -0.0007240192
   -0.0010419097     0.0000326955    -0.0004916617
   -0.0022390584    -0.0023282572    -0.0005187622
   -0.0013049736    -0.0016388964     0.0002721498
   -0.0005678560    -0.0031822552    -0.0017647084
   -0.0019905341    -0.0029389687    -0.0054601056
   -0.0018874176    -0.0014048613     0.0020402211
   -0.0012528472     0.0001967886     0.0012435172
   -0.0006222722    -0.0009476949     0.0008253606
   -0.0001408073    -0.0020221641     0.0007960442
    0.0009650072    -0.0038012527    -0.0008516221
   -0.0000755146     0.0019967625     0.0009192441
   -0.0006319904     0.0007640301     0.0008815708
   -0.0004010969     0.0002513824     0.0012081111
   -0.0006927994     0.0001542301     0.0021473060
    0.0005396301    -0.0042811234     0.0009854591
    0.0010164948     0.0002514980    -0.0005000335
    0.0011362574     0.0008837011    -0.0003955409
    0.0005687474     0.0013288043    -0.0000540097
   -0.0000160220     0.0012767445     0.0003193432
   -0.0002938146     0.0011812730     0.0005659765
   -0.0006288117     0.0017860145     0.0009090993
    0.0004576820     0.0001081493     0.0000227048
    0.0006767464     0.0003941467    -0.0000850824
    0.0005785762     0.0009176381    -0.0001724035
    0.0001362456     0.0012693438    -0.0002303865
   -0.0002970046     0.0013339226    -0.0003240432
   -0.0007174199     0.0017913760    -0.0006863914
    0.0045133159    -0.0049993505     0.0014314777
    0.0014947812     0.0005910464     0.0000223767
    0.0011124922     0.0012217978    -0.0002332002
    0.0002846607     0.0013622082    -0.0005268009
   -0.0003577637     0.0009972870    -0.0007498024
   -0.0005599181     0.0005500186    -0.0010317252
   -0.0008410617     0.0001755760    -0.0017092340
   -0.0012529306    -0.0012955273    -0.0019082349
    0.0000246324    -0.0033356982    -0.0003190557
    0.0032592479    -0.0039291439     0.0030262720
    0.0014008079     0.0006451503     0.0000985983
   -0.0009609350     0.0009144685    -0.0011438740
   -0.0009141544    -0.0003377898    -0.0007551350
   -0.0005698489    -0.0013369207    -0.0004837739
   -0.0000623120    -0.0024572146     0.0007586968
    0.0007073128    -0.0028625010     0.0038113955
   -0.0017057384    -0.0005234088    -0.0009301671
   -0.0013439745    -0.0017839212     0.0006358469
   -0.0021911762    -0.0020920595     0.0018845009
   -0.0024634222    -0.0017740435    -0.0009505803
   -0.0023345706     0.0003274860     0.0002565287
   -0.0038592215    -0.0009255167    -0.0016076281
   -0.0034300392     0.0020045002    -0.0032914502
    0.0011288589     0.0005037203    -0.0003559148
    0.0008053927     0.0006232144    -0.0005135997
    0.0014964400     0.0001904929     0.0004525176
    0.0012321289     0.0001534477    -0.0000000148
    0.0005312970     0.0004246120    -0.0000514402
    0.0002755032     0.0002405729    -0.0000145313
    0.0014112521     0.0001486002    -0.0004631976
    0.0009815883     0.0003065285    -0.0001471818
    0.0013830953     0.0007407224    -0.0000800683
    0.0010045263     0.0007337973     0.0001778295
    0.0010247060    -0.0005240194    -0.0008649743
    0.0015791283     0.0000298958    -0.0004206135
    0.0005616639    -0.0014273414    -0.0014503338
   -0.0033163176     0.0000257558     0.0022308925
   -0.0020903700     0.0003265743    -0.0001029261
   -0.0011094615    -0.0011399926    -0.0014079151
   -0.0035380092    -0.0007084774    -0.0055306082
    0.0010505760    -0.0014156507    -0.0076488282
    0.0052409904    -0.0022980789    -0.0058199973
    0.0038448004     0.0036245229    -0.0070180550
    0.0078565451    -0.0000771403    -0.0032985958
    0.0054446092     0.0056804029    -0.0038713940
    0.0083149124    -0.0007254720     0.0003091479
    0.0071332958     0.0051711866     0.0002556058
    0.0074164806    -0.0004794658     0.0037714848
    0.0052106727     0.0057452138     0.0042167489
    0.0034831741     0.0027815591     0.0070653040
   -0.0006248752     0.0006977110     0.0017144738
   -0.0023762776     0.0029737485    -0.0007667842
   -0.0023842215     0.0016199001     0.0008174949
   -0.0010927646    -0.0007549871     0.0015150859
   -0.0016210506     0.0044851804    -0.0033642604
   -0.0025507749     0.0014410785    -0.0008654633
   -0.0017152500    -0.0007228256    -0.0002004033
   -0.0010250748     0.0056578127     0.0030174928
   -0.0026955116     0.0017474172     0.0002668919
   -0.0018687637    -0.0009218535    -0.0003663436
   -0.0021927895     0.0021665635    -0.0006604316
   -0.0009551851    -0.0004517815    -0.0016467666
    0.0010326809    -0.0013486287     0.0019778257
    0.0005681426    -0.0026987086     0.0000923953
    0.0024194699    -0.0017610977     0.0001145834
    0.0026440710    -0.0000606212     0.0001475858
    0.0011897927    -0.0015236263    -0.0018296292
    0.0017113074    -0.0002181452    -0.0016360964
   -0.0015869787     0.0009399764     0.0022867887
   -0.0023214684    -0.0013883882     0.0022821113
   -0.0028856169     0.0016300106     0.0001244092
   -0.0035167096    -0.0011137818     0.0001577294
   -0.0012614864    -0.0045268719     0.0003170535
   -0.0017046631     0.0010184894    -0.0019871991
   -0.0023780250    -0.0011946120    -0.0018893137
    0.0017174555     0.0011632768    -0.0008893526
    0.0006058049     0.0018656405    -0.0010799915
    0.0018843854     0.0003685798    -0.0008096504
    0.0000733061     0.0010769195    -0.0024476411
   -0.0015976851     0.0002970728    -0.0016915595
   -0.0013228994    -0.0013495367    -0.0022139522
    0.0008137700    -0.0001120533    -0.0025250682
   -0.0013067669    -0.0006905048    -0.0023428699
   -0.0003216035     0.0007453525     0.0025979296
    0.0001828037    -0.0002531284     0.0027006064
    0.0017852457     0.0012876926     0.0013178636
    0.0004462188     0.0020281328     0.0013906403
    0.0018712710     0.0005062102     0.0011982124
    0.0015682101     0.0009688841    -0.0007127089
    0.0018681608    -0.0000103599    -0.0010037914
    0.0003590624     0.0004815065    -0.0022931774
   -0.0003236468    -0.0013367461    -0.0018631164
    0.0009093196    -0.0002926032    -0.0023072410
   -0.0012238467    -0.0005238397    -0.0022175635
   -0.0002752062     0.0004692036     0.0024970530
    0.0005333149    -0.0003548529     0.0023896891
    0.0017165125     0.0010106324     0.0011937777
    0.0013769798     0.0010027073     0.0015362913
    0.0018901043    -0.0001530598     0.0012633337
   -0.0004608213     0.0003983407     0.0006371184
   -0.0010496248     0.0001882096     0.0003898590
   -0.0015935849     0.0012602974    -0.0004542588
   -0.0001068735    -0.0001557639     0.0002663311
   -0.0004124352    -0.0001431618     0.0003190845
   -0.0014559177     0.0026803635    -0.0034593270
   -0.0006156402    -0.0006469267     0.0003608240
   -0.0001648824    -0.0003105566    -0.0000322572
   -0.0003880312    -0.0000883398    -0.0000120043
   -0.0005113002    -0.0001810110     0.0002739801
   -0.0004137950    -0.0003888878     0.0005492888
   -0.0003935028     0.0029083349    -0.0024017503
   -0.0013034611     0.0011535450    -0.0009366040
   -0.0009170156     0.0000468765    -0.0004762637
   -0.0004024766    -0.0000846218    -0.0003667293
   -0.0003975374     0.0000842644    -0.0002388564
   -0.0006472823    -0.0000509323     0.0001381796
   -0.0005353680    -0.0003504727     0.0007323485
   -0.0001611123    -0.0003104955     0.0010078032
    0.0000575935    -0.0003413708     0.0009122045
    0.0007521948     0.0028750012    -0.0013935417
   -0.0002463023     0.0015269250    -0.0007076142
   -0.0003500454     0.0007634749    -0.0004134473
   -0.0003212421     0.0004945277    -0.0002646711
   -0.0004892696     0.0003515598    -0.0001274042
   -0.0007677645    -0.0000944797     0.0001435399
   -0.0005489389    -0.0009437188     0.0006808035
    0.0004977611    -0.0012394082     0.0012314236
    0.0011129049    -0.0004977721     0.0012355131
    0.0008977973    -0.0000814048     0.0008609826
    0.0014697065     0.0033753917     0.0000732896
    0.0000330761     0.0019371889     0.0002521938
   -0.0002787205     0.0010064817     0.0002831036
   -0.0002650476     0.0006143498     0.0002102217
   -0.0003766009     0.0004712009     0.0001198381
   -0.0006798315     0.0001558502     0.0000695804
   -0.0008095588    -0.0007074400     0.0000670246
    0.0000074483    -0.0018126184     0.0000950623
    0.0014605927     0.0000952082     0.0001326026
    0.0003316292     0.0032997602     0.0013939343
   -0.0010115333     0.0013032640     0.0008471645
   -0.0007619689     0.0001519603     0.0006054667
   -0.0003080938     0.0000534892     0.0004371961
   -0.0003950155     0.0002033337     0.0002563364
   -0.0007491281    -0.0001619296    -0.0000404264
   -0.0005263330    -0.0010854929    -0.0005783538
    0.0013565320    -0.0006061515    -0.0010813794
    0.0011619109    -0.0000532290    -0.0006649930
   -0.0002406535     0.0038155763     0.0023946345
   -0.0003027029    -0.0005450075     0.0000759067
   -0.0002742353    -0.0000529538     0.0002067955
   -0.0006488145    -0.0001698362    -0.0001261736
   -0.0004723523    -0.0005728679    -0.0007696831
    0.0000795806    -0.0005223118    -0.0010570490
    0.0004978484    -0.0004691637    -0.0008836068
   -0.0015252569     0.0026236896     0.0011834267
   -0.0004484912    -0.0004667109    -0.0007477439
   -0.0001413621    -0.0002179396    -0.0000469473
   -0.0004961537    -0.0001859252    -0.0000416407
   -0.0004900131    -0.0004481515    -0.0004314528
   -0.0000798158    -0.0008225733    -0.0008337381
   -0.0013715730     0.0011702126     0.0001452503
   -0.0004794584     0.0001327695    -0.0005745744
   -0.0004387936    -0.0002277922    -0.0001547223
   -0.0006258912    -0.0006733922    -0.0006112588
   -0.0009835229     0.0000148894    -0.0002691029
   -0.0016517365    -0.0016307614    -0.0005975819
   -0.0012376321    -0.0006859982     0.0011325982
   -0.0009994336    -0.0013347930     0.0000605165
   -0.0005557491    -0.0022410741    -0.0015456335
   -0.0015599704    -0.0017603789    -0.0036864572
   -0.0015568518    -0.0009536401     0.0010607520
   -0.0008999219    -0.0001040211     0.0009104842
   -0.0005870682    -0.0008687896     0.0005241828
   -0.0001788811    -0.0016942175     0.0001915399
    0.0006578557    -0.0027020428    -0.0012059250
   -0.0001889166    -0.0000444724     0.0019938924
   -0.0001730707     0.0011841461     0.0009502616
   -0.0005532100     0.0004285559     0.0007631617
   -0.0004396554    -0.0000728671     0.0008501416
   -0.0004460752    -0.0004800631     0.0011954944
   -0.0003951715    -0.0015783326     0.0011750573
    0.0009424238    -0.0030140986    -0.0000577360
    0.0010156497     0.0003801996    -0.0001056676
    0.0010051376     0.0008406569     0.0000237269
    0.0004706911     0.0011416666     0.0001944701
   -0.0000572641     0.0009837316     0.0003774838
   -0.0002931983     0.0007302505     0.0005419299
   -0.0004115755     0.0007141985     0.0007763080
   -0.0009767509     0.0008023049     0.0012201132
   -0.0011547939    -0.0023452015     0.0011451022
    0.0019148934    -0.0036483685     0.0000159161
    0.0004354125     0.0001601930    -0.0001692921
    0.0005682743     0.0003398752    -0.0001683162
    0.0005107571     0.0006582758    -0.0001141839
    0.0002611268     0.0009026794    -0.0000160730
   -0.0000505646     0.0009917632     0.0000659553
   -0.0003001686     0.0010291746     0.0000998085
   -0.0006626474     0.0012875592     0.0000887315
    0.0012621041    -0.0036321410     0.0003497046
    0.0005470684     0.0002271334     0.0000467541
    0.0005961182     0.0004388094    -0.0000555024
    0.0004412119     0.0007379460    -0.0001843440
    0.0001091094     0.0009119367    -0.0003016136
   -0.0002329199     0.0008865881    -0.0004047567
   -0.0004874755     0.0008395897    -0.0005965004
   -0.0010214181     0.0007868583    -0.0009948109
   -0.0017599663    -0.0001770888    -0.0012543738
   -0.0011597798    -0.0020591269    -0.0007282836
    0.0013240536    -0.0031850146     0.0006113694
    0.0011220982     0.0005288815    -0.0003814354
    0.0007638435     0.0009670300    -0.0005042450
    0.0001127874     0.0010161546    -0.0005909769
   -0.0003639489     0.0006773752    -0.0006420987
   -0.0005333888     0.0002338427    -0.0007329088
   -0.0006167513    -0.0002646596    -0.0009289300
   -0.0005807378    -0.0011970336    -0.0007874991
    0.0002635098    -0.0022704747     0.0003259191
    0.0020044755    -0.0023669351     0.0026311338
    0.0011012709     0.0004923753    -0.0004005932
   -0.0007226066     0.0004931211    -0.0009232131
   -0.0007765960    -0.0003111337    -0.0005567131
   -0.0005598951    -0.0010554720    -0.0001722683
   -0.0001780866    -0.0017538647     0.0008166102
    0.0001567266    -0.0017958462     0.0027645093
   -0.0010559999    -0.0005745429     0.0043400048
   -0.0011747887    -0.0005108772    -0.0006261146
   -0.0010434137    -0.0013052401     0.0005099534
   -0.0015999530    -0.0013639160     0.0012758024
   -0.0017578417    -0.0011107268    -0.0005359760
   -0.0014246935    -0.0009353282    -0.0007630435
   -0.0017316212     0.0002229146     0.0000313327
   -0.0015673347    -0.0002540263     0.0009985320
   -0.0026125309    -0.0006225733    -0.0011874691
   -0.0023388258     0.0011483796    -0.0022438299
   -0.0008194559    -0.0003303430     0.0011770321
   -0.0005021329     0.0000818462     0.0018667563
    0.0003158147    -0.0004998504     0.0015250727
    0.0010641797    -0.0003155568     0.0009364242
    0.0010981841     0.0003528195     0.0000497933
    0.0009152133     0.0005928089    -0.0000666973
    0.0009787209    -0.0000543348     0.0006065514
    0.0010280241     0.0000080554     0.0002546938
    0.0005948352     0.0002967930    -0.0001253545
    0.0004099060     0.0002785791    -0.0001750880
    0.0011519662     0.0001042080    -0.0000201789
    0.0008294490     0.0001915559    -0.0000529650
    0.0006102362     0.0003245908    -0.0000487455
    0.0004219432     0.0002879417     0.0000453934
    0.0009564259    -0.0000692213    -0.0005063861
    0.0008389078     0.0001514374    -0.0002059596
    0.0010716504     0.0004670625    -0.0004024044
    0.0009210354     0.0005354149    -0.0002280594
    0.0006612428    -0.0004978777    -0.0007801599
    0.0011206227    -0.0000644906    -0.0005950038
    0.0001759855    -0.0008791452    -0.0011096542
   -0.0022689383    -0.0001276413     0.0014609034
   -0.0015883045     0.0001674617     0.0000543503
   -0.0009051964    -0.0006375846    -0.0008937298
   -0.0015949943    -0.0004458514    -0.0007466808
    0.0002278161    -0.0008999714    -0.0054278736
    0.0031568064    -0.0014746801    -0.0047312190
    0.0020455223     0.0023959364    -0.0054048415
    0.0047967920    -0.0020608431    -0.0026724369
    0.0048974842     0.0019141456    -0.0036795421
    0.0051223858    -0.0025240791    -0.0005827900
    0.0061006695     0.0015689895    -0.0011081244
    0.0048480919    -0.0026534766     0.0011422789
    0.0059831589     0.0014836144     0.0015192029
    0.0045760014     0.0016036662     0.0039074240
    0.0017379752     0.0016426703     0.0052734941
   -0.0006625792     0.0005690279     0.0009324094
   -0.0015963036     0.0012230952     0.0003208231
   -0.0008325331    -0.0002270423     0.0009369302
   -0.0017617316     0.0011748972    -0.0005533393
   -0.0017510707     0.0014831763     0.0002112632
   -0.0012952276    -0.0003201708    -0.0004185185
   -0.0015118389     0.0015996645    -0.0000974814
   -0.0007674789    -0.0000025490    -0.0009443588
    0.0004078293    -0.0017152357     0.0006815713
    0.0014897979    -0.0011131804     0.0007775587
    0.0004394218    -0.0017769288    -0.0005350337
    0.0015581014    -0.0011690068    -0.0006008737
   -0.0015460843     0.0011930405     0.0008754242
   -0.0022704853    -0.0002206971     0.0008992454
   -0.0014830485    -0.0024440479     0.0007620295
   -0.0022946975    -0.0001698601    -0.0006355604
   -0.0015622834    -0.0023184636    -0.0003592384
    0.0010529281     0.0007987093    -0.0010382086
    0.0011706128     0.0002675536    -0.0010534790
   -0.0001611481     0.0005358110    -0.0017818739
    0.0002246214    -0.0001260526    -0.0018681167
   -0.0010647470    -0.0005716570    -0.0015364222
   -0.0004997955     0.0002326666     0.0018233905
   -0.0003230765    -0.0002736825     0.0019358725
    0.0009629421     0.0008123517     0.0013445807
    0.0001100666     0.0012021011     0.0013226213
    0.0010113484     0.0003759186     0.0013826296
    0.0010553419     0.0005463346    -0.0008878719
    0.0011670950    -0.0000858699    -0.0010360327
    0.0000366945     0.0000915896    -0.0017370332
    0.0003593627    -0.0002769453    -0.0016817388
   -0.0010172158    -0.0004441198    -0.0014718313
   -0.0005004599     0.0001013275     0.0017757232
    0.0000372443    -0.0002753233     0.0016986633
    0.0009961654     0.0005451391     0.0012417431
    0.0006419903     0.0005262246     0.0015741737
    0.0010750862    -0.0001577647     0.0012268256
